Export to matlab 
interactionmatrix=[-0.385444, -0.038650, 0.000000; -0.038650, -0.474600, 0.000000; 0.000000, 0.000000, 3.127980] 

eigenvalues=[-0.489022, -0.371022, 3.127980] 

eigenvector=[0.349600, 0.936899, 0.000000; 0.936899, -0.349600, 0.000000; 0.000000, 0.000000, 1.000000] 

sphericaltensor=[[-1.309393, 0.000000]  
[0.000000, 0.000000]  
[0.000000, 0.000000]  
[0.000000, 0.000000]  
[0.044578, 0.038650]  
[0.000000, 0.000000]  
[2.905097, 0.000000]  
[0.000000, 0.000000]  
[0.044578, -0.038650]]  

eulerangles=[290.462830, 0.000000,0.000000]  

quaternion=[0.000000, -0.570263,0.821462,0.000000]  

angleaxis=[-0.570263, 0.821462,0.000000,180.000000]  

wigner matrix=[[-0.755560, -0.655079]  
[0.000000, 0.000000]  
[0.000000, 0.000000]  
[0.000000, 0.000000]  
[0.000000, 0.000000]  
[0.000000, 0.000000]  
[0.349600, -0.936899]  
[0.000000, 0.000000]  
[0.000000, 0.000000]  
[0.000000, 0.000000]  
[0.000000, 0.000000]  
[0.000000, 0.000000]  
[1.000000, 0.000000]  
[0.000000, 0.000000]  
[0.000000, 0.000000]  
[0.000000, 0.000000]  
[0.000000, 0.000000]  
[0.000000, 0.000000]  
[0.349600, 0.936899]  
[0.000000, 0.000000]  
[0.000000, 0.000000]  
[0.000000, 0.000000]  
[0.000000, 0.000000]  
[0.000000, 0.000000]  
[-0.755560, 0.655079]]  

isotropic= 0.755979  
axiality= 7.116004  
rhombocity= -0.118000  
span= 3.617002  
skew= 0.467376  


