%%%%%%%%%%%%%%%%%%%%%%%%%%%%%%%%%%%%%%%%%%%%%%%%%% 
% This Matlab file is generated by Spinach GUI 2.0 
%%%%%%%%%%%%%%%%%%%%%%%%%%%%%%%%%%%%%%%%%%%%%%%%%% 

functionSpinXML1() 

% Magnet induction 
sys.magnet = 14.100;

% Spin system 
% Isotopes 
sys.isotopes={ '13C', '13C', '13C', '13C', '13C', '13C', '1H', '1H', '1H', '13C', '13C', '17O', '17O', '13C', '13C', '13C', '13C', '13C', '1H', '13C', '1H', '1H', '33S', '33S', '17O', '17O', '17O', '17O', '17O', '17O', 'E'};  


% Tolerances, Settings, Output etc 
sys.tols.prox_cutoff = 4.0;
sys.tols.exponentiation= 'taylor';
sys.tols.dP_method= 'hausdorff';
sys.tols.dP_order = Inf;
sys.tols.krylov_switchover = 50000;
sys.tols.small_matrix = 200;
sys.tols.liouv_zero = 1.000e-7;
sys.tols.prop_zero = 1.000e-8;
sys.tols.zte_nsteps = 16;
sys.tols.zte_tol = 1.000e-24;
sys.tols.inter_sym = 1.000e-10;
sys.tols.path_drop = 1.000e-6;
sys.tols.tt_roundoff = 1.000e-6;
sys.tols.inter_cutoff = 1.000e-5;
sys.tols.rlx_integration = 1.000e-4;
sys.tols.basis_hush = 256;
sys.output='console';

% Coordinates Matrix 
inter.coordinates={ [-3.763671 0.270694 0];
 [ -2.78222 -0.715317 -1E-06];
 [ -1.399361 -0.375475 -2E-06];
 [ -1.019217 1.009225 -1E-06];
 [ -2.046969 1.990302 0];
 [ -3.392127 1.641171 0];
 [ -3.047888 -1.767181 -2E-06];
 [ -1.737315 3.032201 0];
 [ -4.179221 2.388642 3E-06];
 [ 0.387691 1.44569 -3E-06];
 [ -0.387691 -1.445688 -3E-06];
 [ 0.702831 2.672597 -5E-06];
 [ -0.702831 -2.672595 -4E-06];
 [ 1.399361 0.375476 -2E-06];
 [ 1.019217 -1.009224 -2E-06];
 [ 2.78222 0.715317 -1E-06];
 [ 2.046968 -1.990301 -1E-06];
 [ 3.763671 -0.270694 0];
 [ 3.047889 1.767182 -2E-06];
 [ 3.392126 -1.641171 0];
 [ 1.737314 -3.0322 -1E-06];
 [ 4.17922 -2.388642 2E-06];
 [ 5.551552 0.168357 2E-06];
 [ -5.551552 -0.168358 2E-06];
 [ 6.288019 -1.160351 2E-06];
 [ 5.785304 0.971516 1.2634];
 [ 5.785306 0.971517 -1.263396];
 [ -6.28802 1.160349 7E-06];
 [ -5.785306 -0.971514 -1.263398];
 [ -5.785303 -0.971522 1.263397];
 [ ]};  



inter.coupling.matrix=cell( 31 );  
inter.coupling.matrix{ 1, 1 }= [-2.895e-001 4.119e-003 0.000e+000; 4.119e-003 -3.861e-001 0.000e+000; 0.000e+000 0.000e+000 2.493e+000 ]; 
inter.coupling.matrix{ 2, 2 }= [-9.457e-001 -1.202e-001 0.000e+000; -1.202e-001 -1.241e+000 0.000e+000; 0.000e+000 0.000e+000 -1.069e+000 ]; 
inter.coupling.matrix{ 3, 3 }= [-2.557e+000 -9.246e-002 0.000e+000; -9.246e-002 -2.563e+000 3.171e-004; 0.000e+000 3.171e-004 2.197e+000 ]; 
inter.coupling.matrix{ 4, 4 }= [-2.330e+000 4.774e-002 5.739e-004; 4.774e-002 -2.494e+000 4.868e-005; 5.739e-004 4.868e-005 3.486e+000 ]; 
inter.coupling.matrix{ 5, 5 }= [-1.139e+000 -7.844e-002 1.491e-005; -7.844e-002 -1.543e+000 -2.737e-005; 1.491e-005 -2.737e-005 -1.319e+000 ]; 
inter.coupling.matrix{ 6, 6 }= [-3.854e-001 -3.865e-002 0.000e+000; -3.865e-002 -4.746e-001 0.000e+000; 0.000e+000 0.000e+000 3.128e+000 ]; 
inter.coupling.matrix{ 7, 7 }= [5.635e-001 -1.483e-001 0.000e+000; -1.483e-001 -2.957e-001 0.000e+000; 0.000e+000 0.000e+000 -8.736e-001 ]; 
inter.coupling.matrix{ 8, 8 }= [5.130e-001 -2.963e-001 0.000e+000; -2.963e-001 -2.309e-001 0.000e+000; 0.000e+000 0.000e+000 -9.174e-001 ]; 
inter.coupling.matrix{ 9, 9 }= [-7.644e-001 -8.070e-001 0.000e+000; -8.070e-001 -1.420e+000 0.000e+000; 0.000e+000 0.000e+000 -1.455e+000 ]; 
inter.coupling.matrix{ 10, 10 }= [-4.772e+000 2.636e-001 0.000e+000; 2.636e-001 -3.849e+000 0.000e+000; 0.000e+000 0.000e+000 6.727e+000 ]; 
inter.coupling.matrix{ 11, 11 }= [-4.772e+000 2.636e-001 0.000e+000; 2.636e-001 -3.849e+000 0.000e+000; 0.000e+000 0.000e+000 6.728e+000 ]; 
inter.coupling.matrix{ 12, 12 }= [5.046e+000 5.414e-002 3.273e-003; 5.414e-002 5.250e+000 -2.642e-004; 3.273e-003 -2.642e-004 -2.802e+001 ]; 
inter.coupling.matrix{ 13, 13 }= [5.046e+000 5.414e-002 -3.273e-003; 5.414e-002 5.250e+000 2.642e-004; -3.273e-003 2.642e-004 -2.802e+001 ]; 
inter.coupling.matrix{ 14, 14 }= [-2.556e+000 -9.246e-002 0.000e+000; -9.246e-002 -2.562e+000 0.000e+000; 0.000e+000 0.000e+000 2.198e+000 ]; 
inter.coupling.matrix{ 15, 15 }= [-2.330e+000 4.773e-002 -1.806e-004; 4.773e-002 -2.494e+000 -4.868e-005; -1.806e-004 -4.868e-005 3.486e+000 ]; 
inter.coupling.matrix{ 16, 16 }= [-9.460e-001 -1.202e-001 -1.395e-005; -1.202e-001 -1.242e+000 6.092e-006; -1.395e-005 6.092e-006 -1.069e+000 ]; 
inter.coupling.matrix{ 17, 17 }= [-1.140e+000 -7.826e-002 -1.482e-005; -7.826e-002 -1.543e+000 2.735e-005; -1.482e-005 2.735e-005 -1.319e+000 ]; 
inter.coupling.matrix{ 18, 18 }= [-2.892e-001 4.128e-003 0.000e+000; 4.128e-003 -3.858e-001 0.000e+000; 0.000e+000 0.000e+000 2.493e+000 ]; 
inter.coupling.matrix{ 19, 19 }= [5.637e-001 -1.483e-001 0.000e+000; -1.483e-001 -2.955e-001 0.000e+000; 0.000e+000 0.000e+000 -8.734e-001 ]; 
inter.coupling.matrix{ 20, 20 }= [-3.855e-001 -3.864e-002 0.000e+000; -3.864e-002 -4.747e-001 0.000e+000; 0.000e+000 0.000e+000 3.128e+000 ]; 
inter.coupling.matrix{ 21, 21 }= [5.129e-001 -2.963e-001 0.000e+000; -2.963e-001 -2.310e-001 0.000e+000; 0.000e+000 0.000e+000 -9.175e-001 ]; 
inter.coupling.matrix{ 22, 22 }= [-7.643e-001 -8.070e-001 0.000e+000; -8.070e-001 -1.420e+000 0.000e+000; 0.000e+000 0.000e+000 -1.455e+000 ]; 
inter.coupling.matrix{ 23, 23 }= [-2.947e-001 -1.527e-002 5.276e-007; -1.527e-002 -2.538e-001 2.660e-008; 5.276e-007 2.660e-008 -2.497e-001 ]; 
inter.coupling.matrix{ 24, 24 }= [-2.946e-001 -1.527e-002 -1.064e-006; -1.527e-002 -2.538e-001 -1.330e-008; -1.064e-006 -1.330e-008 -2.497e-001 ]; 
inter.coupling.matrix{ 25, 25 }= [3.197e-002 -4.438e-004 2.098e-006; -4.438e-004 3.151e-002 -3.635e-007; 2.098e-006 -3.635e-007 5.424e-002 ]; 
inter.coupling.matrix{ 26, 26 }= [-4.849e-001 -1.310e-001 1.925e-003; -1.310e-001 -1.576e-001 6.977e-003; 1.925e-003 6.977e-003 -1.042e-001 ]; 
inter.coupling.matrix{ 27, 27 }= [-4.848e-001 -1.310e-001 -1.932e-003; -1.310e-001 -1.575e-001 -6.977e-003; -1.932e-003 -6.977e-003 -1.042e-001 ]; 
inter.coupling.matrix{ 28, 28 }= [3.197e-002 -4.455e-004 -2.097e-006; -4.455e-004 3.151e-002 3.658e-007; -2.097e-006 3.658e-007 5.424e-002 ]; 
inter.coupling.matrix{ 29, 29 }= [-4.848e-001 -1.309e-001 2.038e-003; -1.309e-001 -1.577e-001 6.560e-003; 2.038e-003 6.560e-003 -1.049e-001 ]; 
inter.coupling.matrix{ 30, 30 }= [-4.849e-001 -1.309e-001 -2.059e-003; -1.309e-001 -1.578e-001 -6.574e-003; -2.059e-003 -6.574e-003 -1.050e-001 ]; 
% 
% Zeeman Matrix 
inter.zeeman.matrix=cell( 1, 31 );  
inter.zeeman.matrix{ 1 }= [-2.327e+001 -1.814e+001 1.000e-004; -1.814e+001 1.228e+000 -5.500e-004; 1.000e-004 -5.500e-004 1.223e+002 ]; 
inter.zeeman.matrix{ 2 }= [1.997e+001 -2.408e+001 -9.500e-004; -2.408e+001 -1.405e+001 5.000e-004; -9.500e-004 5.000e-004 1.820e+002 ]; 
inter.zeeman.matrix{ 3 }= [8.920e+000 4.026e+000 -5.500e-004; 4.026e+000 -8.320e+000 -3.500e-004; -5.500e-004 -3.500e-004 1.648e+002 ]; 
inter.zeeman.matrix{ 4 }= [-2.378e+000 -1.125e+001 4.500e-004; -1.125e+001 -1.228e+000 -1.250e-003; 4.500e-004 -1.250e-003 1.676e+002 ]; 
inter.zeeman.matrix{ 5 }= [3.431e+001 -1.088e+001 2.250e-003; -1.088e+001 -3.684e+001 2.000e-004; 2.250e-003 2.000e-004 1.815e+002 ]; 
inter.zeeman.matrix{ 6 }= [1.688e+001 3.402e+001 -3.500e-004; 3.402e+001 1.083e+000 5.000e-005; -3.500e-004 5.000e-005 1.692e+002 ]; 
inter.zeeman.matrix{ 7 }= [2.933e+001 -2.887e+000 1.000e-004; -2.887e+000 2.173e+001 0.000e+000; 1.000e-004 0.000e+000 1.723e+001 ]; 
inter.zeeman.matrix{ 8 }= [2.886e+001 -4.786e-001 -2.000e-004; -4.786e-001 2.257e+001 5.000e-005; -2.000e-004 5.000e-005 1.786e+001 ]; 
inter.zeeman.matrix{ 9 }= [2.717e+001 3.856e+000 1.000e-004; 3.856e+000 2.473e+001 5.000e-005; 1.000e-004 5.000e-005 1.903e+001 ]; 
inter.zeeman.matrix{ 10 }= [-4.203e+001 5.779e+000 -2.550e-003; 5.779e+000 -1.815e+001 -5.000e-005; -2.550e-003 -5.000e-005 1.120e+002 ]; 
inter.zeeman.matrix{ 11 }= [-4.203e+001 5.777e+000 1.800e-003; 5.777e+000 -1.815e+001 9.000e-004; 1.800e-003 9.000e-004 1.120e+002 ]; 
